----- start of PI calculation ---------------------------------------

 Solver for generalized eigenvalue minimization 

 Iterations   :    Best objective value so far 
 
* switching to QR
     1
     2
     3
     4
     5
     6
     7
     8
     9
    10
* Feasibility radius set to  1.00e+10
    11
    12
    13
    14
    15
    16
    17
    18
    19
    20
* Feasibility radius set to  1.00e+11
    21
    22
    23
    24
    25
    26
    27
    28
    29               9.999990e+04
    30               9.999680e+04
    31               9.999370e+04
    32               9.419990e+04
    33               9.419698e+04
    34               8.823070e+04
    35               8.822796e+04
    36               8.216339e+04
    37               8.216084e+04
    38               7.640922e+04
    39               7.640685e+04
    40               7.102678e+04
    41               7.102458e+04
    42               6.600931e+04
    43               6.600727e+04
    44               6.132988e+04
    45               6.132798e+04
    46               5.696506e+04
    47               5.696329e+04
    48               5.289474e+04
    49               5.289310e+04
    50               4.910122e+04
    51               4.909969e+04
    52               4.556811e+04
    53               4.556670e+04
    54               4.227992e+04
    55               4.227861e+04
    56               3.922167e+04
    57               3.922045e+04
    58               3.637890e+04
    59               3.637777e+04
    60               3.373769e+04
    61               3.373665e+04
    62               3.128478e+04
    63               3.128381e+04
    64               2.900748e+04
    65               2.900658e+04
    66               2.689378e+04
    67               2.689294e+04
    68               2.493238e+04
    69               2.493160e+04
    70               2.311263e+04
    71               2.311191e+04
    72               2.142462e+04
    73               2.142396e+04
    74               1.985898e+04
    75               1.985837e+04
    76               1.840695e+04
    77               1.840638e+04
    78               1.706045e+04
    79               1.705992e+04
    80               1.581190e+04
    81               1.581141e+04
    82               1.465430e+04
    83               1.465384e+04
    84               1.358104e+04
    85               1.358062e+04
    86               1.258605e+04
    87               1.258566e+04
    88               1.166367e+04
    89               1.166331e+04
    90               1.080862e+04
    91               1.080829e+04
    92               1.001603e+04
    93               1.001571e+04
    94                9281.350955
    95                9281.063233
    96                8600.402094
    97                8600.135482
    98                7969.252187
    99                7969.005140
   100                7384.255970
   101                7384.027058
   102                6842.072012
   103                6841.859908
   104                6339.580725
   105                6339.384198
   106                5873.902208
   107                5873.720117
   108                5442.335222
   109                5442.166510
   110                5042.374722
   111                5042.218408
   112                4671.750546
   113                4671.605721
   114                4328.279406
   115                4328.145229
   116                4010.000573
   117                4009.876263
   118                3715.058168
   119                3714.943001
   120                3441.752619
   121                3441.645925
   122                3188.493891
   123                3188.395048
   124                2953.839009
   125                2953.747440
   126                2736.410545
   127                2736.325716
   128                2534.938006
   129                2534.859423
   130                2348.265332
   131                2348.192536
   132                2175.298322
   133                2175.230888
   134                2015.054940
   135                2014.992473
   136                1866.574448
   137                1866.516584
   138                1729.003140
   139                1728.949541
   140                1601.552920
   141                1601.503272
   142                1483.469382
   143                1483.423394
   144                1374.082223
   145                1374.039626
   146                1272.735341
   147                1272.695886
   148                1178.850087
   149                1178.813543
   150                1091.867438
   151                1091.833590
   152                1011.274196
   153                1011.242847
   154                 936.620677
   155                 936.591641
   156                 867.465206
   157                 867.438315
   158                 803.400630
   159                 803.375725
   160                 744.056733
   161                 744.033667
   162                 689.083504
   163                 689.062142
   164                 638.157385
   165                 638.137602
   166                 590.991308
   167                 590.972987
   168                 547.295123
   169                 547.278157
   170                 506.829718
   171                 506.814006
   172                 469.340322
   173                 469.325772
   174                 434.613104
   175                 434.599631
   176                 402.445269
   177                 402.432793
   178                 372.647643
   179                 372.636091
   180                 345.057127
   181                 345.046430
   182                 319.494504
   183                 319.484599
   184                 295.819994
   185                 295.810824
   186                 273.893657
   187                 273.885166
   188                 253.584926
   189                 253.577065
   190                 234.775999
   191                 234.768721
   192                 217.365258
   193                 217.358520
   194                 201.232710
   195                 201.226472
   196                 186.287689
   197                 186.281914
   198                 172.447889
   199                 172.442544
   200                 159.632538
   201                 159.627589
   202                 147.761835
   203                 147.757254
   204                 136.768649
   205                 136.764409
   206                 126.588681
   207                 126.584757
   208                 117.163152
   209                 117.159520
   210                 108.431312
   211                 108.427951
   212                 100.347962
   213                 100.344851
   214                  92.864107
   215                  92.861229
   216                  85.929870
   217                  85.927206
   218                  79.510395
   219                  79.507930
   220                  73.564620
   221                  73.562340
   222                  68.060589
   223                  68.058479
   224                  62.961841
   225                  62.959890
   226                  58.239901
   227                  58.238095
   228                  53.867112
   229                  53.865442
   230                  49.819578
   231                  49.818034
   232                  46.070675
   233                  46.069247
   234                  42.599167
   235                  42.597847
   236                  39.385740
   237                  39.384519
   238                  36.411510
   239                  36.410381
   240                  33.654889
   241                  33.653846
   242                  31.103717
   243                  31.102753
   244                  28.740793
   245                  28.739902
   246                  26.553147
   247                  26.552324
   248                  24.528854
   249                  24.528094
   250                  22.653707
   251                  22.653005
   252                  20.917287
   253                  20.916639
   254                  19.310056
   255                  19.309457
   256                  17.823568
   257                  17.823016
   258                  16.446527
   259                  16.446017
   260                  15.172679
   261                  15.172209
   262                  13.993428
   263                  13.992994
   264                  12.901751
   265                  12.901351
   266                  11.891485
   267                  11.891116
   268                  10.957033
   269                  10.956693
   270                  10.092518
   271                  10.092205
   272                   9.292783
   273                   9.292495
   274                   8.553434
   275                   8.553169
   276                   7.869922
   277                   7.869678
   278                   7.237055
   279                   7.236830
   280                   6.652014
   281                   6.651808
   282                   6.110949
   283                   6.110760
   284                   5.610678
   285                   5.610504
   286                   5.148348
   287                   5.148189
   288                   4.721318
   289                   4.721172
   290                   4.326655
   291                   4.326521
   292                   3.961851
   293                   3.961729
   294                   3.624991
   295                   3.624879
   296                   3.313748
   297                   3.313645
   298                   3.026314
   299                   3.026220
   300                   2.760940
   301                   2.760855
   302                   2.515958
   303                   2.515880
   304                   2.290101
   305                   2.290030
   306                   2.081863
   307                   2.081799
   308                   1.889925
   309                   1.889867
   310                   1.713145
   311                   1.713092
   312                   1.550605
   313                   1.550557
   314                   1.401131
   315                   1.401088
   316                   1.263884
   317                   1.263845
   318                   1.137950
   319                   1.137915
   320                   1.022632
   321                   1.022600
   322                   0.916941
   323                   0.916912
   324                   0.820379
   325                   0.820354
   326                   0.732231
   327                   0.732208
   328                   0.651902
   329                   0.651881
   330                   0.578776
   331                   0.578758
   332                   0.512391
   333                   0.512375
   334                   0.452151
   335                   0.452137
   336                   0.397653
   337                   0.397640
   338                   0.348421
   339                   0.348410
   340                   0.304043
   341                   0.304034
   342                   0.264112
   343                   0.264104
   344                   0.228268
   345                   0.228261
   346                   0.196155
   347                   0.196149
   348                   0.167477
   349                   0.167472
   350                   0.141942
   351                   0.141938
   352                   0.119274
   353                   0.119270
   354                   0.099197
   355                   0.099193
   356                   0.081438
   357                   0.081436
   358                   0.065776
   359                   0.065774
   360                   0.052060
   361                   0.052058
   362                   0.040209
   363                   0.040207
   364                   0.030194
   365                   0.030193
   366                   0.021973
   367                   0.021972
   368                   0.015385
   369                   0.015385
   370                   0.010105
   371                   0.010105
   372               5.368583e-03
   373                  -0.011274
   374                  -0.011274
   375                  -0.012484
   376                  -0.012484
   377                  -0.012485
   378                  -0.012485
   379                  -0.014887
   380                  -0.014887
   381                  -0.015434
   382                  -0.015434
   383                  -0.015435
   384                  -0.016486
   385                  -0.016486
   386                  -0.016486
   387                  -0.016487
   388                  -0.018640
   389                  -0.018641
   390                  -0.019176
   391                  -0.019176
   392                  -0.019177
   393                  -0.025366
   394                  -0.025733
   395                  -0.025734
   396                  -0.025735
   397                  -0.026328
   398                  -0.026328
   399                  -0.026329
   400                  -0.026329
   401                  -0.027133
   402                  -0.027134
   403                  -0.027135
   404                  -0.027136
   405                  -0.027356
   406                  -0.027357
   407                  -0.027358
   408                  -0.028401
   409                  -0.028402
   410                  -0.028403
   411                  -0.028653
   412                  -0.028654
   413                  -0.028655
   414                  -0.029384
   415                  -0.029385
   416                  -0.029386
   417                  -0.029387
   418                  -0.034411
   419                  -0.034413
   420                  -0.034858
   421                  -0.034859
   422                  -0.034860
   423                  -0.034861
   424                  -0.035220
   425                  -0.035221
   426                  -0.035222
   427                  -0.035223
   428                  -0.035485
   429                  -0.035486
   430                  -0.035488
   431                  -0.039212
   432                  -0.039214
   433                  -0.039420
   434                  -0.039420
   435                  -0.039422
   436                  -0.039423
   437                  -0.039668
   438                  -0.039668
   439                  -0.039670
   440                  -0.039671
   441                  -0.039910
   442                  -0.039910
   443                  -0.039911
   444                  -0.039912
   445                  -0.040154
   446                  -0.040154
   447                  -0.040155
   448                  -0.040156
   449                  -0.040394
   450                  -0.040394
   451                  -0.040395
   452                  -0.040396
   453                  -0.040644
   454                  -0.040644
   455                  -0.040645
   456                  -0.040647
   457                  -0.040856
   458                  -0.040857
   459                  -0.040858
   460                  -0.040859
   461                  -0.041133
   462                  -0.041133
   463                  -0.041134
   464                  -0.041135
   465                  -0.041338
   466                  -0.041339
   467                  -0.041340
   468                  -0.041342
   469                  -0.041591
   470                  -0.041591
   471                  -0.041592
   472                  -0.041594
   473                  -0.041810
   474                  -0.041810
   475                  -0.041811
   476                  -0.041812
   477                  -0.041994
   478                  -0.041996
   479                  -0.041997
   480                  -0.041998
   481                  -0.042278
   482                  -0.042278
   483                  -0.042279
   484                  -0.042281
   485                  -0.042485
   486                  -0.042485
   487                  -0.042486
   488                  -0.042487
   489                  -0.042699
   490                  -0.042699
   491                  -0.042701
   492                  -0.042702
   493                  -0.042865
   494                  -0.042867
   495                  -0.042868
   496                  -0.042869
   497                  -0.043098
   498                  -0.043098
   499                  -0.043100
   500                  -0.043101
   501                  -0.043256
   502                  -0.043256
   503                  -0.043258
   504                  -0.043259
   505                  -0.043482
   506                  -0.043482
* Feasibility radius set to  1.00e+12
   507                  -0.043483
   508                  -0.043483
   509                  -0.043484
   510                  -0.043486
   511                  -0.043716
   512                  -0.043716
   513                  -0.043717
   514                  -0.043719
   515                  -0.043841
   516                  -0.043842
   517                  -0.043844
   518                  -0.044460
   519                  -0.044624
   520                  -0.044624
   521                  -0.044625
   522                  -0.044627
   523                  -0.044706
   524                  -0.044707
   525                  -0.044709
   526                  -0.044763
   527                  -0.044764
   528                  -0.044766
   529                  -0.044904
   530                  -0.044904
   531                  -0.044905
   532                  -0.044907
   533                  -0.044981
   534                  -0.044983
   535                  -0.044984
   536                  -0.045032
   537                  -0.045033
   538                  -0.045035
   539                  -0.045176
   540                  -0.045176
   541                  -0.045178
   542                  -0.045179
   543                  -0.045234
   544                  -0.045235
   545                  -0.045237
   546                  -0.045336
   547                  -0.045336
   548                  -0.045338
   549                  -0.045339
   550                  -0.045418
   551                  -0.045418
* Feasibility radius set to  1.00e+13
   552                  -0.045420
   553                  -0.045420
   554                  -0.045421
   555                  -0.046094
   556                  -0.046158
   557                  -0.046159
   558                  -0.046161
   559                  -0.046162
   560                  -0.046239
   561                  -0.046239
   562                  -0.046240
   563                  -0.046242
   564                  -0.046284
   565                  -0.046286
   566                  -0.046287
   567                  -0.046319
   568                  -0.046320
   569                  -0.046322
   570                  -0.046375
   571                  -0.046376
   572                  -0.046378
   573                  -0.046379
   574                  -0.046441
   575                  -0.046441
   576                  -0.046443
   577                  -0.046444
   578                  -0.046482
   579                  -0.046484
   580                  -0.046485
   581                  -0.046510
   582                  -0.046512
   583                  -0.046513
   584                  -0.046569
   585                  -0.046569
   586                  -0.046570
   587                  -0.046572
   588                  -0.046612
   589                  -0.046612
   590                  -0.046613
   591                  -0.046615
   592                  -0.046675
   593                  -0.046675
   594                  -0.046676
   595                  -0.046678
   596                  -0.046705
   597                  -0.046707
   598                  -0.046708
   599                  -0.046732
   600                  -0.046734
   601                  -0.046735
   602                  -0.046777
   603                  -0.046778
   604                  -0.046780
   605                  -0.046781
   606                  -0.046816
* Feasibility radius set to  1.00e+14
   607                  -0.046817
   608                  -0.046817
   609                  -0.046817
   610                  -0.046817
* Feasibility radius set to  1.00e+15
   611                  -0.046890
   612                  -0.046890
   613                  -0.046890
   614                  -0.046890
   615                  -0.046890
   616                  -0.046890

 Result:  feasible solution
          best value of t:    -0.046890
          f-radius saturation:  9.442% of R =  1.00e+15 
 Termination due to SLOW PROGRESS:
          the gen. eigenvalue t decreased by less than
          0.000% during the last 5 iterations.

----- end of PI calculation -----------------------------------------
----- start of PID calculation --------------------------------------

 Solver for generalized eigenvalue minimization 

 Iterations   :    Best objective value so far 
 
* switching to QR
     1
     2
     3
     4
     5
     6
     7
     8
     9
    10
* Feasibility radius set to  1.00e+10
    11
    12
    13
    14
    15
    16
    17
    18
    19
    20
* Feasibility radius set to  1.00e+11
    21
    22
    23
    24
    25
    26
    27
    28
    29
    30
* Feasibility radius set to  1.00e+12
    31
    32
    33
    34
    35
    36
    37
    38
    39
    40
* Feasibility radius set to  1.00e+13
    41
    42               9.999990e+04
    43               9.999680e+04
    44               9.999370e+04
    45               2.973863e+04
    46               2.973771e+04
    47               2.811672e+04
    48               2.811585e+04
    49               2.643227e+04
    50               2.643145e+04
    51               2.475894e+04
    52               2.475817e+04
    53               2.316130e+04
    54               2.316058e+04
    55               2.165873e+04
    56               2.165805e+04
    57               2.025143e+04
    58               2.025080e+04
    59               1.893303e+04
    60               1.893245e+04
    61               1.769622e+04
    62               1.769567e+04
    63               1.653461e+04
    64               1.653409e+04
    65               1.544400e+04
    66               1.544352e+04
    67               1.441970e+04
    68               1.441925e+04
    69               1.345865e+04
    70               1.345824e+04
    71               1.255587e+04
    72               1.255548e+04
    73               1.171002e+04
    74               1.170966e+04
    75               1.091793e+04
    76               1.091759e+04
    77               1.017627e+04
    78               1.017596e+04
    79                9483.362643
    80                9483.068659
    81                8835.662371
    82                8835.388466
    83                8231.182654
    84                8230.927488
    85                7667.403174
    86                7667.165484
    87                7141.383983
    88                7141.162600
    89                6650.443198
    90                6650.237035
    91                6193.779192
    92                6193.587184
    93                5767.129280
    94                5766.950499
    95                5368.967257
    96                5368.800819
    97                4999.242859
    98                4999.087882
    99                4654.357125
   100                4654.212840
   101                4335.143107
   102                4335.008718
   103                4037.422718
   104                4037.297557
   105                3761.699625
   106                3761.583013
   107                3503.118715
   108                3503.010119
   109                3261.346310
   110                3261.245209
   111                3036.097628
   112                3036.003509
   113                2827.148135
   114                2827.060493
   115                2632.105646
   116                2632.024051
   117                2449.964598
   118                2449.888649
   119                2282.789324
   120                2282.718557
   121                2124.694438
   122                2124.628573
   123                1977.950427
   124                1977.889111
   125                1840.605072
   126                1840.548013
   127                1712.891472
   128                1712.838372
   129                1595.344081
   130                1595.294625
   131                1486.429439
   132                1486.383359
   133                1384.098738
   134                1384.055830
   135                1288.411943
   136                1288.372002
   137                1199.499023
   138                1199.461838
   139                1117.197833
   140                1117.163200
   141                1040.625529
   142                1040.593270
   143                 968.923910
   144                 968.893874
   145                 902.606476
   146                 902.578495
   147                 840.784498
   148                 840.758433
   149                 783.484340
   150                 783.460052
   151                 730.197049
   152                 730.174412
   153                 680.417184
   154                 680.396092
   155                 634.126815
   156                 634.107157
   157                 591.583210
   158                 591.564871
   159                 551.424182
   160                 551.407087
   161                 513.895406
   162                 513.879475
   163                 479.346382
   164                 479.331522
   165                 447.152478
   166                 447.138616
   167                 417.214132
   168                 417.201198
   169                 389.548593
   170                 389.536517
   171                 363.828415
   172                 363.817137
   173                 339.849053
   174                 339.838518
   175                 317.582504
   176                 317.572659
   177                 296.896655
   178                 296.887452
   179                 278.088984
   180                 278.080363
   181                 260.370428
   182                 260.362356
   183                 243.709893
   184                 243.702338
   185                 228.319066
   186                 228.311988
   187                 213.923168
   188                 213.916536
   189                 200.503284
   190                 200.497069
   191                 188.347906
   192                 188.342068
   193                 176.783959
   194                 176.778478
   195                 165.985474
   196                 165.980329
   197                 156.043906
   198                 156.039068
   199                 146.572539
   200                 146.567995
   201                 137.727862
   202                 137.723592
   203                 129.520839
   204                 129.516824
   205                 122.010002
   206                 122.006219
   207                 115.356822
   208                 115.353246
   209                 109.207915
   210                 109.204530
   211                 103.431400
   212                 103.428194
   213                  98.042458
   214                  98.039418
   215                  93.287159
   216                  93.284267
   217                  89.085801
   218                  89.083039
   219                  85.234947
   220                  85.232305
   221                  81.704536
   222                  81.702003
   223                  78.990278
   224                  78.987829
   225                  36.342333
   226                  29.163316
   227                  27.724629
   228                  27.723770
   229                  26.381572
   230                  26.380754
   231                  25.328499
   232                  25.327714
   233                  24.437044
   234                  24.436286
   235                  11.245458
   236                   7.235911
   237                   7.000095
   238                   6.999878
   239                   4.255847
   240                   4.091955
   241                   4.091828
   242                   1.132623
   243                   1.132587
   244                   1.074754
   245                   1.074721
   246                   0.092689
   247                   0.092686
   248                   0.092683
   249                   0.082603
   250                   0.082600
   251                   0.025719
   252                   0.021585
   253                   0.021584
   254                   0.021583
   255                   0.015409
   256                   0.015409
   257                   0.015408
   258                   0.013022
   259                   0.013022
   260                   0.013022
   261               -1.401559e-03
   262               -4.237544e-03
   263                  -0.017374
   264                  -0.017374
   265                  -0.017375
   266                  -0.017375
   267                  -0.017376
   268                  -0.017376
   269                  -0.017376
   270                  -0.017376
   271                  -0.017376
   272                  -0.017376
   273                  -0.017376
* Feasibility radius set to  1.00e+14
   274                  -0.024944
* Feasibility radius set to  1.00e+15
   275                  -0.024945
* Feasibility radius set to  1.00e+16
   276                  -0.024945
   277                  -0.024945
   278                  -0.024945
   279                  -0.024945
   280                  -0.024945
   281                  -0.024945

 Result:  feasible solution
          best value of t:    -0.024945
          f-radius saturation:  9.963% of R =  1.00e+16 
 Termination due to SLOW PROGRESS:
          the gen. eigenvalue t decreased by less than
          0.000% during the last 5 iterations.

----- end of PID calculation ----------------------------------------
