----- start of PI calculation ---------------------------------------

 Solver for generalized eigenvalue minimization 

 Iterations   :    Best objective value so far 
 
* switching to QR
     1
     2
     3
     4
     5
     6
     7
     8
     9
    10
* Feasibility radius set to  1.00e+10
    11
    12
    13
    14
    15
    16
    17
    18
    19
    20
* Feasibility radius set to  1.00e+11
    21
    22
    23
    24
    25
    26
    27
    28
    29               9.999990e+04
    30               9.999680e+04
    31               9.999370e+04
    32               9.386008e+04
    33               9.385717e+04
    34               8.772306e+04
    35               8.772034e+04
    36               8.166711e+04
    37               8.166458e+04
    38               7.595399e+04
    39               7.595163e+04
    40               7.061975e+04
    41               7.061756e+04
    42               6.564515e+04
    43               6.564312e+04
    44               6.100336e+04
    45               6.100147e+04
    46               5.667094e+04
    47               5.666919e+04
    48               5.262836e+04
    49               5.262673e+04
    50               4.885854e+04
    51               4.885702e+04
    52               4.534574e+04
    53               4.534433e+04
    54               4.207498e+04
    55               4.207368e+04
    56               3.903174e+04
    57               3.903053e+04
    58               3.620197e+04
    59               3.620084e+04
    60               3.357211e+04
    61               3.357107e+04
    62               3.112917e+04
    63               3.112821e+04
    64               2.886075e+04
    65               2.885986e+04
    66               2.675504e+04
    67               2.675422e+04
    68               2.480094e+04
    69               2.480017e+04
    70               2.298790e+04
    71               2.298719e+04
    72               2.130612e+04
    73               2.130546e+04
    74               1.974633e+04
    75               1.974572e+04
    76               1.829988e+04
    77               1.829931e+04
    78               1.695869e+04
    79               1.695817e+04
    80               1.571523e+04
    81               1.571475e+04
    82               1.456249e+04
    83               1.456204e+04
    84               1.349392e+04
    85               1.349350e+04
    86               1.250345e+04
    87               1.250306e+04
    88               1.158542e+04
    89               1.158506e+04
    90               1.073458e+04
    91               1.073425e+04
    92                9946.043839
    93                9945.735512
    94                9215.267037
    95                9214.981364
    96                8538.042656
    97                8537.777977
    98                7910.480377
    99                7910.235153
   100                7328.945660
   101                7328.718462
   102                6790.057846
   103                6789.847354
   104                6290.715500
   105                6290.520488
   106                5828.022151
   107                5827.841483
   108                5399.306169
   109                5399.138790
   110                5002.055320
   111                5001.900256
   112                4633.986864
   113                4633.843210
   114                4292.956547
   115                4292.823465
   116                3976.975238
   117                3976.851952
   118                3684.213417
   119                3684.099207
   120                3412.971837
   121                3412.866035
   122                3161.658744
   123                3161.560733
   124                2928.823802
   125                2928.733009
   126                2713.106479
   127                2713.022373
   128                2513.260054
   129                2513.182143
   130                2328.102100
   131                2328.029929
   132                2156.564175
   133                2156.497321
   134                1997.644007
   135                1997.582080
   136                1850.411719
   137                1850.354357
   138                1714.012429
   139                1713.959295
   140                1587.649881
   141                1587.600664
   142                1470.585304
   143                1470.539716
   144                1362.133270
   145                1362.091044
   146                1261.664395
   147                1261.625283
   148                1168.592475
   149                1168.556248
   150                1082.375911
   151                1082.342357
   152                1002.508141
   153                1002.477064
   154                 928.523147
   155                 928.494362
   156                 859.980863
   157                 859.954204
   158                 796.486537
   159                 796.461846
   160                 737.675040
   161                 737.652172
   162                 683.194502
   163                 683.173323
   164                 632.728213
   165                 632.708598
   166                 585.978657
   167                 585.960491
   168                 542.673071
   169                 542.656248
   170                 502.563188
   171                 502.547608
   172                 465.407881
   173                 465.393454
   174                 430.992998
   175                 430.979637
   176                 399.112631
   177                 399.100258
   178                 369.583907
   179                 369.572450
   180                 342.232914
   181                 342.222305
   182                 316.898603
   183                 316.888780
   184                 293.434528
   185                 293.425432
   186                 271.701085
   187                 271.692662
   188                 251.568952
   189                 251.561153
   190                 232.923505
   191                 232.916285
   192                 215.654186
   193                 215.647501
   194                 199.658736
   195                 199.652546
   196                 184.843287
   197                 184.837557
   198                 171.125704
   199                 171.120399
   200                 158.416174
   201                 158.411263
   202                 146.645953
   203                 146.641407
   204                 135.743679
   205                 135.739471
   206                 125.648184
   207                 125.644289
   208                 116.298122
   209                 116.294516
   210                 107.638265
   211                 107.634928
   212                  99.618718
   213                  99.615630
   214                  92.190848
   215                  92.187990
   216                  85.313678
   217                  85.311033
   218                  78.943542
   219                  78.941094
   220                  73.044018
   221                  73.041753
   222                  67.580449
   223                  67.578354
   224                  62.522237
   225                  62.520299
   226                  57.838812
   227                  57.837019
   228                  53.500562
   229                  53.498904
   230                  49.481979
   231                  49.480445
   232                  45.761167
   233                  45.759748
   234                  42.314670
   235                  42.313358
   236                  39.124863
   237                  39.123650
   238                  36.170637
   239                  36.169516
   240                  33.434963
   241                  33.433926
   242                  30.902585
   243                  30.901627
   244                  28.557116
   245                  28.556231
   246                  26.384720
   247                  26.383902
   248                  24.373827
   249                  24.373072
   250                  22.512902
   251                  22.512204
   252                  20.789065
   253                  20.788421
   254                  19.193032
   255                  19.192437
   256                  17.715606
   257                  17.715057
   258                  16.348037
   259                  16.347531
   260                  15.081879
   261                  15.081412
   262                  13.910304
   263                  13.909873
   264                  12.825762
   265                  12.825364
   266                  11.822821
   267                  11.822455
   268                  10.894267
   269                  10.893929
   270                  10.034969
   271                  10.034658
   272                   9.239829
   273                   9.239543
   274                   8.504104
   275                   8.503840
   276                   7.823674
   277                   7.823432
   278                   7.194609
   279                   7.194386
   280                   6.612645
   281                   6.612440
   282                   6.074861
   283                   6.074672
   284                   5.577534
   285                   5.577361
   286                   5.117739
   287                   5.117580
   288                   4.692942
   289                   4.692797
   290                   4.300344
   291                   4.300210
   292                   3.937479
   293                   3.937357
   294                   3.602243
   295                   3.602131
   296                   3.292561
   297                   3.292459
   298                   3.006656
   299                   3.006563
   300                   2.742669
   301                   2.742584
   302                   2.499007
   303                   2.498929
   304                   2.274401
   305                   2.274330
   306                   2.067319
   307                   2.067255
   308                   1.876476
   309                   1.876418
   310                   1.700761
   311                   1.700708
   312                   1.539092
   313                   1.539045
   314                   1.390504
   315                   1.390461
   316                   1.254015
   317                   1.253976
   318                   1.128793
   319                   1.128758
   320                   1.014054
   321                   1.014022
   322                   0.909035
   323                   0.909007
   324                   0.813077
   325                   0.813052
   326                   0.725472
   327                   0.725450
   328                   0.645630
   329                   0.645610
   330                   0.573010
   331                   0.572992
   332                   0.507048
   333                   0.507033
   334                   0.447225
   335                   0.447211
   336                   0.393104
   337                   0.393092
   338                   0.344195
   339                   0.344185
   340                   0.300101
   341                   0.300091
   342                   0.260418
   343                   0.260410
   344                   0.224781
   345                   0.224774
   346                   0.192836
   347                   0.192830
   348                   0.164277
   349                   0.164272
   350                   0.138805
   351                   0.138800
   352                   0.116137
   353                   0.116134
   354                   0.095993
   355                   0.095990
   356                   0.078122
   357                   0.078119
   358                   0.062296
   359                   0.062294
   360                   0.048334
   361                   0.048332
   362                   0.036099
   363                   0.036098
   364                   0.025460
   365                   0.025460
   366                   0.016252
   367                   0.016251
   368               7.431418e-03
   369                  -0.015606
   370                  -0.015606
   371                  -0.019783
   372                  -0.019784
   373                  -0.022677
   374                  -0.022678
   375                  -0.024724
   376                  -0.024725
   377                  -0.025502
   378                  -0.025502
   379                  -0.025502
   380                  -0.025503
   381                  -0.027720
   382                  -0.027721
   383                  -0.029108
   384                  -0.029108
   385                  -0.029109
   386                  -0.030773
   387                  -0.030774
   388                  -0.031456
   389                  -0.031456
   390                  -0.031457
   391                  -0.031458
   392                  -0.032601
   393                  -0.032602
   394                  -0.032603
   395                  -0.033758
   396                  -0.033759
   397                  -0.033760
   398                  -0.035068
   399                  -0.035069
   400                  -0.035433
   401                  -0.035433
   402                  -0.035434
   403                  -0.035435
   404                  -0.036358
   405                  -0.036359
   406                  -0.036361
   407                  -0.037205
   408                  -0.037206
   409                  -0.037208
   410                  -0.038043
   411                  -0.038045
   412                  -0.038046
   413                  -0.038897
   414                  -0.038898
   415                  -0.038899
   416                  -0.039769
   417                  -0.039770
   418                  -0.039772
   419                  -0.040615
* Feasibility radius set to  1.00e+12
   420                  -0.040616
   421                  -0.040616
   422                  -0.040617
   423                  -0.040891
   424                  -0.040891
   425                  -0.040892
   426                  -0.040893
   427                  -0.041371
   428                  -0.041371
   429                  -0.041373
   430                  -0.041374
   431                  -0.042015
   432                  -0.042016
   433                  -0.042018
   434                  -0.042572
   435                  -0.042573
   436                  -0.042575
   437                  -0.043031
* Feasibility radius set to  1.00e+13
   438                  -0.043032
   439                  -0.043032
   440                  -0.043033
   441                  -0.043035
   442                  -0.043400
   443                  -0.043400
   444                  -0.043402
   445                  -0.043403
   446                  -0.043772
   447                  -0.043772
   448                  -0.043774
   449                  -0.043775
   450                  -0.044155
   451                  -0.044156
   452                  -0.044158
   453                  -0.044298
* Feasibility radius set to  1.00e+14
   454                  -0.044299
   455                  -0.044299
* Feasibility radius set to  1.00e+15
   456                  -0.044301
* Feasibility radius set to  1.00e+16
   457                  -0.044301
   458                  -0.044301
   459                  -0.044301
   460                  -0.044301
   461                  -0.044301

 Result:  feasible solution
          best value of t:    -0.044301
          f-radius saturation:  9.987% of R =  1.00e+16 
 Termination due to SLOW PROGRESS:
          the gen. eigenvalue t decreased by less than
          0.000% during the last 5 iterations.

----- end of PI calculation -----------------------------------------
----- start of PID calculation --------------------------------------

 Solver for generalized eigenvalue minimization 

 Iterations   :    Best objective value so far 
 
* switching to QR
     1
     2
     3
     4
     5
     6
     7
     8
     9
    10
* Feasibility radius set to  1.00e+10
    11
    12
    13
    14
    15
    16
    17
    18
    19
    20
* Feasibility radius set to  1.00e+11
    21
    22
    23
    24
    25
    26
    27
    28
    29
    30
* Feasibility radius set to  1.00e+12
    31
    32
    33
    34
    35
    36
    37               9.999990e+04
    38               9.999680e+04
    39               9.999370e+04
    40               9.489422e+04
    41               9.489128e+04
    42               8.954314e+04
    43               8.954036e+04
    44               8.383861e+04
    45               8.383601e+04
    46               7.835271e+04
    47               7.835028e+04
    48               7.317353e+04
    49               7.317126e+04
    50               6.832366e+04
    51               6.832154e+04
    52               6.377917e+04
    53               6.377719e+04
    54               5.951748e+04
    55               5.951563e+04
    56               5.551960e+04
    57               5.551788e+04
    58               5.177039e+04
    59               5.176878e+04
    60               4.825682e+04
    61               4.825533e+04
    62               4.496698e+04
    63               4.496558e+04
    64               4.188936e+04
    65               4.188806e+04
    66               3.901268e+04
    67               3.901147e+04
    68               3.632583e+04
    69               3.632470e+04
    70               3.381789e+04
    71               3.381684e+04
    72               3.147823e+04
    73               3.147726e+04
    74               2.929658e+04
    75               2.929567e+04
    76               2.726304e+04
    77               2.726220e+04
    78               2.536820e+04
    79               2.536741e+04
    80               2.360307e+04
    81               2.360234e+04
    82               2.195917e+04
    83               2.195849e+04
    84               2.042847e+04
    85               2.042784e+04
    86               1.900341e+04
    87               1.900283e+04
    88               1.767691e+04
    89               1.767636e+04
    90               1.644228e+04
    91               1.644177e+04
    92               1.529328e+04
    93               1.529281e+04
    94               1.422409e+04
    95               1.422365e+04
    96               1.322923e+04
    97               1.322882e+04
    98               1.230359e+04
    99               1.230321e+04
   100               1.144242e+04
   101               1.144206e+04
   102               1.064126e+04
   103               1.064093e+04
   104                9895.973581
   105                9895.666806
   106                9202.690549
   107                9202.405265
   108                8557.806076
   109                8557.540784
   110                7957.964653
   111                7957.717956
   112                7400.032119
   113                7399.802718
   114                6881.098622
   115                6880.885308
   116                6398.452206
   117                6398.253854
   118                5949.565333
   119                5949.380897
   120                5532.083710
   121                5531.912215
   122                5143.822067
   123                5143.662608
   124                4782.745169
   125                4782.596904
   126                4446.951368
   127                4446.813512
   128                4134.680835
   129                4134.552660
   130                3844.291014
   131                3844.171841
   132                3574.253606
   133                3574.142804
   134                3323.148241
   135                3323.045224
   136                3089.654749
   137                3089.558970
   138                2872.542714
   139                2872.453665
   140                2670.667074
   141                2670.584283
   142                2482.963846
   143                2482.886875
   144                2308.441595
   145                2308.370033
   146                2146.180669
   147                2146.114137
   148                1995.325560
   149                1995.263705
   150                1855.079383
   151                1855.021875
   152                1724.701907
   153                1724.648441
   154                1603.499862
   155                1603.450153
   156                1490.834454
   157                1490.788238
   158                1386.110789
   159                1386.067819
   160                1288.771992
   161                1288.732040
   162                1198.303417
   163                1198.266269
   164                1114.224084
   165                1114.189543
   166                1036.086997
   167                1036.054878
   168                 963.476442
   169                 963.446574
   170                 896.006105
   171                 895.978329
   172                 833.316670
   173                 833.290837
   174                 775.071939
   175                 775.047912
   176                 720.961005
   177                 720.938655
   178                 670.693083
   179                 670.672291
   180                 623.998467
   181                 623.979123
   182                 580.624788
   183                 580.606788
   184                 540.337987
   185                 540.321237
   186                 502.920417
   187                 502.904827
   188                 468.167885
   189                 468.153372
   190                 435.891704
   191                 435.878192
   192                 405.914951
   193                 405.902368
   194                 378.073383
   195                 378.061662
   196                 352.213758
   197                 352.202839
   198                 328.194378
   199                 328.184204
   200                 305.882246
   201                 305.872764
   202                 285.152646
   203                 285.143806
   204                 265.890525
   205                 265.882282
   206                 247.989634
   207                 247.981947
   208                 231.349715
   209                 231.342543
   210                 215.877437
   211                 215.870745
   212                 201.487934
   213                 201.481688
   214                 188.100869
   215                 188.095038
   216                 175.642758
   217                 175.637313
   218                 164.044024
   219                 164.038939
   220                 153.241851
   221                 153.237101
   222                 143.177049
   223                 143.172610
   224                 133.795012
   225                 133.790864
   226                 125.045356
   227                 125.041480
   228                 116.880949
   229                 116.877326
   230                 109.259106
   231                 109.255719
   232                 102.142274
   233                 102.139108
   234                  95.492739
   235                  95.489779
   236                  89.275617
   237                  89.272850
   238                  83.462400
   239                  83.459812
   240                  78.023386
   241                  78.020967
   242                  72.932207
   243                  72.929946
   244                  68.167988
   245                  68.165875
   246                  63.705861
   247                  63.703886
   248                  59.528270
   249                  59.526425
   250                  55.615474
   251                  55.613750
   252                  51.949313
   253                  51.947702
   254                  48.517235
   255                  48.515731
   256                  45.301415
   257                  45.300010
   258                  42.287985
   259                  42.286674
   260                  39.468361
   261                  39.467137
   262                  36.827804
   263                  36.826662
   264                  34.353407
   265                  34.352342
   266                  32.037412
   267                  32.036419
   268                  29.867347
   269                  29.866421
   270                  27.839500
   271                  27.838637
   272                  25.944359
   273                  25.943555
   274                  24.169869
   275                  24.169119
   276                  22.510702
   277                  22.510004
   278                  20.965490
   279                  20.964840
   280                  19.519558
   281                  19.518953
   282                  18.168009
   283                  18.167446
   284                  16.902964
   285                  16.902440
   286                  15.726888
   287                  15.726401
   288                  14.627237
   289                  14.626784
   290                  13.606590
   291                  13.606168
   292                  12.660886
   293                  12.660494
   294                  11.773322
   295                  11.772957
   296                  10.950652
   297                  10.950313
   298                  10.184834
   299                  10.184518
   300                   9.469137
   301                   9.468844
   302                   8.791878
   303                   8.791606
   304                   8.168054
   305                   8.167801
   306                   7.581943
   307                   7.581708
   308                   7.035556
   309                   7.035338
   310                   6.526524
   311                   6.526322
   312                   6.056594
   313                   6.056407
   314                   5.617189
   315                   5.617015
   316                   5.216134
   317                   5.215972
   318                   4.832435
   319                   4.832285
   320                   4.476835
   321                   4.476696
   322                   4.149745
   323                   4.149616
   324                   3.841974
   325                   3.841855
   326                   3.554511
   327                   3.554401
   328                   3.287091
   329                   3.286989
   330                   3.041660
   331                   3.041566
   332                   2.811662
   333                   2.811575
   334                   2.598773
   335                   2.598693
   336                   2.404462
   337                   2.404387
   338                   2.220342
   339                   2.220274
   340                   2.045186
   341                   2.045122
   342                   1.884063
   343                   1.884005
   344                   1.730992
   345                   1.730939
   346                   1.595434
   347                   1.595385
   348                   1.468075
   349                   1.468029
   350                   1.355119
   351                   1.355077
   352                   1.244368
   353                   1.244330
   354                   1.149867
   355                   1.149831
   356                   1.057823
   357                   1.057790
   358                   0.979690
   359                   0.979659
   360                   0.902940
   361                   0.902912
   362                   0.829401
   363                   0.829375
   364                   0.769393
   365                   0.769369
   366                   0.716620
   367                   0.716597
   368                   0.667092
   369                   0.667072
   370                   0.623262
   371                   0.623243
   372                   0.585123
   373                   0.585104
   374                   0.027189
   375                   0.027189
   376                   0.027188
   377                   0.024791
   378                   0.024791
   379                   0.024790
   380                   0.021111
   381                   0.021110
   382                   0.021109
   383                   0.017481
   384                   0.017481
   385                   0.017480
   386                   0.016340
   387                   0.016340
   388                   0.016340
   389                   0.013715
   390                   0.013714
   391                   0.013714
   392                   0.011270
   393                   0.011269
   394                   0.011269
   395                   0.010197
   396                   0.010197
   397                   0.010197
   398               6.798718e-03
   399                  -0.014277
   400                  -0.014278
   401                  -0.014278
   402                  -0.015113
   403                  -0.015114
   404                  -0.015114
   405                  -0.015115
   406                  -0.016360
   407                  -0.016361
   408                  -0.016361
   409                  -0.016362
   410                  -0.017662
   411                  -0.017662
   412                  -0.017663
   413                  -0.017663
   414                  -0.019083
   415                  -0.019083
   416                  -0.019084
   417                  -0.019721
   418                  -0.019721
   419                  -0.019722
   420                  -0.019723
   421                  -0.021283
   422                  -0.021284
   423                  -0.021285
   424                  -0.022398
   425                  -0.022399
   426                  -0.022400
   427                  -0.022401
   428                  -0.023606
   429                  -0.023607
   430                  -0.023608
   431                  -0.023608
   432                  -0.024931
   433                  -0.024931
   434                  -0.024932
   435                  -0.025750
   436                  -0.025750
   437                  -0.025751
   438                  -0.025752
   439                  -0.026026
   440                  -0.026027
   441                  -0.026027
   442                  -0.027579
   443                  -0.027580
   444                  -0.027581
   445                  -0.029260
   446                  -0.029261
   447                  -0.029707
   448                  -0.029707
   449                  -0.029708
   450                  -0.029709
   451                  -0.030840
   452                  -0.030841
   453                  -0.030842
   454                  -0.031596
   455                  -0.031596
   456                  -0.031597
   457                  -0.031598
   458                  -0.031864
   459                  -0.031865
   460                  -0.031866
   461                  -0.032600
   462                  -0.032600
   463                  -0.032601
   464                  -0.032602
   465                  -0.032820
   466                  -0.032821
   467                  -0.032822
   468                  -0.033618
   469                  -0.033618
   470                  -0.033619
   471                  -0.033620
   472                  -0.034585
   473                  -0.034586
   474                  -0.034587
   475                  -0.035177
   476                  -0.035177
   477                  -0.035178
   478                  -0.035179
   479                  -0.035688
   480                  -0.035688
   481                  -0.035689
   482                  -0.035690
   483                  -0.035899
   484                  -0.035899
   485                  -0.035900
   486                  -0.036379
   487                  -0.036379
   488                  -0.036380
   489                  -0.036381
   490                  -0.036553
   491                  -0.036554
   492                  -0.036555
   493                  -0.037257
   494                  -0.037257
   495                  -0.037258
   496                  -0.037259
   497                  -0.038162
   498                  -0.038163
   499                  -0.038164
   500                  -0.038946
   501                  -0.038947
   502                  -0.038948
   503                  -0.039654
   504                  -0.039655
   505                  -0.039656
   506                  -0.040218
   507                  -0.040218
   508                  -0.040219
   509                  -0.041973
   510                  -0.042182
   511                  -0.042183
   512                  -0.042185
   513                  -0.042186
   514                  -0.042426
   515                  -0.042427
   516                  -0.042428
   517                  -0.042430
   518                  -0.042632
   519                  -0.042632
   520                  -0.042633
   521                  -0.042634
   522                  -0.042870
   523                  -0.042870
* Feasibility radius set to  1.00e+13
   524                  -0.042871
   525                  -0.042871
   526                  -0.042873
   527                  -0.042874
   528                  -0.042875
   529                  -0.043099
   530                  -0.043099
   531                  -0.043100
   532                  -0.043102
   533                  -0.043374
   534                  -0.043374
   535                  -0.043375
* Feasibility radius set to  1.00e+14
   536                  -0.043377
* Feasibility radius set to  1.00e+15
   537                  -0.043378
* Feasibility radius set to  1.00e+16
   538                  -0.043379
   539                  -0.043379
   540                  -0.043379
   541                  -0.043379
   542                  -0.043379
* Feasibility radius set to  1.00e+17
   543                  -0.043381
   544                  -0.043381
   545                  -0.043381
   546                  -0.043381
* Feasibility radius set to  1.00e+18
   547                  -0.043382
   548                  -0.043382
   549                  -0.043382
   550                  -0.043382
   551                  -0.043382
   552                  -0.043382

 Result:  feasible solution
          best value of t:    -0.043382
          f-radius saturation:  9.999% of R =  1.00e+18 
 Termination due to SLOW PROGRESS:
          the gen. eigenvalue t decreased by less than
          0.000% during the last 5 iterations.

----- end of PID calculation ----------------------------------------
